County                        Registered Voters             Election Day                  Absentee by Mail              Advance in Person             Provisional                   Choice Total                  Election Day                  Absentee by Mail              Advance in Person             Provisional                   Choice Total                  Election Day                  Absentee by Mail              Advance in Person             Provisional                   Choice Total                  Total                         
Appling                       9242                          2948                          362                           2182                          2                             5494                          677                           159                           598                           0                             1434                          41                            9                             27                            0                             77                            7005                          
Atkinson                      3695                          843                           58                            972                           5                             1878                          367                           30                            299                           1                             697                           24                            1                             10                            0                             35                            2610                          
Bacon                         5385                          1142                          134                           2082                          6                             3364                          268                           37                            303                           0                             608                           21                            4                             22                            0                             47                            4019                          
Baker                         1974                          396                           76                            302                           1                             775                           319                           69                            261                           1                             650                           11                            1                             3                             0                             15                            1440                          
Baldwin                       21052                         2929                          330                           4433                          5                             7697                          3143                          724                           4099                          4                             7970                          192                           27                            200                           0                             419                           16086                         
Banks                         8581                          3079                          195                           2858                          2                             6134                          352                           40                            292                           0                             684                           77                            6                             49                            0                             132                           6950                          
Barrow                        37213                         8881                          755                           11471                         1                             21108                         2832                          371                           3377                          0                             6580                          656                           46                            441                           0                             1143                          28831                         
Bartow                        52253                         15525                         1038                          13327                         21                            29911                         4051                          440                           3715                          6                             8212                          788                           44                            349                           2                             1183                          39306                         
Ben Hill                      7899                          907                           115                           2712                          5                             3739                          670                           117                           1311                          3                             2101                          33                            11                            47                            0                             91                            5931                          
Berrien                       10920                         2351                          267                           2790                          14                            5422                          508                           90                            444                           5                             1047                          55                            13                            46                            1                             115                           6584                          
Bibb                          86854                         12591                         1413                          9998                          41                            24043                         16118                         2241                          18265                         163                           36787                         903                           85                            452                           7                             1447                          62277                         
Bleckley                      6162                          1505                          136                           2076                          2                             3719                          479                           113                           502                           7                             1101                          56                            1                             66                            0                             123                           4943                          
Brantley                      8304                          2510                          200                           2851                          6                             5567                          304                           42                            273                           0                             619                           66                            5                             34                            1                             106                           6292                          
Brooks                        8642                          1769                          156                           1754                          22                            3701                          1041                          460                           1003                          24                            2528                          43                            5                             37                            4                             89                            6318                          
Bryan                         20151                         3899                          286                           6336                          8                             10529                         1465                          235                           2312                          2                             4014                          256                           30                            256                           0                             542                           15085                         
Bulloch                       34926                         7334                          591                           7142                          30                            15097                         3961                          430                           4851                          19                            9261                          458                           27                            405                           0                             890                           25248                         
Burke                         12481                         2254                          256                           1981                          0                             4491                          2484                          654                           1593                          0                             4731                          76                            12                            41                            0                             129                           9351                          
Butts                         12556                         1769                          186                           4762                          0                             6717                          814                           88                            1664                          0                             2566                          70                            6                             118                           0                             194                           9477                          
Calhoun                       2694                          445                           44                            340                           1                             830                           751                           106                           321                           1                             1179                          13                            0                             3                             0                             16                            2025                          
Camden                        25319                         4876                          608                           6813                          13                            12310                         2092                          466                           3364                          8                             5930                          331                           48                            250                           0                             629                           18869                         
Candler                       4671                          567                           86                            2008                          3                             2664                          380                           46                            597                           3                             1026                          35                            5                             33                            0                             73                            3763                          
Carroll                       57251                         13018                         901                           16070                         40                            30029                         4983                          543                           6898                          40                            12464                         741                           35                            563                           7                             1346                          43839                         
Catoosa                       34831                         6827                          460                           13573                         16                            20876                         1650                          182                           2937                          2                             4771                          461                           32                            388                           0                             881                           26528                         
Charlton                      5154                          1220                          158                           1567                          6                             2951                          434                           55                            513                           2                             1004                          24                            7                             23                            0                             54                            4009                          
Chatham                       155339                        30267                         1915                          13462                         44                            45688                         37801                         3116                          21310                         63                            62290                         2704                          125                           669                           5                             3503                          111481                        
Chattahoochee                 4247                          420                           34                            292                           5                             751                           280                           29                            284                           1                             594                           27                            2                             16                            0                             45                            1390                          
Chattooga                     11099                         3034                          144                           3279                          5                             6462                          703                           82                            827                           1                             1613                          102                           6                             69                            0                             177                           8252                          
Cherokee                      138809                        31540                         3546                          45545                         18                            80649                         10241                         1574                          13410                         6                             25231                         2772                          245                           1996                          2                             5015                          110895                        
Clarke                        60411                         5678                          939                           6079                          21                            12717                         11898                         1648                          15991                         66                            29603                         1110                          74                            832                           3                             2019                          44339                         
Clay                          1731                          162                           36                            366                           2                             566                           366                           69                            261                           1                             697                           6                             0                             2                             0                             8                             1271                          
Clayton                       134164                        4119                          889                           7621                          16                            12645                         28567                         2179                          47341                         133                           78220                         794                           54                            794                           5                             1647                          92512                         
Clinch                        3499                          680                           56                            988                           3                             1727                          332                           30                            323                           1                             686                           16                            3                             15                            0                             34                            2447                          
Cobb                          424176                        79118                         12461                         61089                         244                           152912                        75036                         10124                         74472                         489                           160121                        9802                          934                           3693                          37                            14466                         327499                        
Coffee                        18897                         3051                          295                           6242                          0                             9588                          1642                          168                           2284                          0                             4094                          90                            17                            126                           0                             233                           13915                         
Colquitt                      18468                         4968                          260                           4667                          3                             9898                          1724                          176                           1561                          2                             3463                          127                           12                            101                           0                             240                           13601                         
Columbia                      81492                         17194                         1802                          24070                         19                            43085                         7328                          1271                          10279                         9                             18887                         1285                          132                           852                           1                             2270                          64242                         
Cook                          8037                          1594                          149                           2433                          0                             4176                          910                           68                            775                           0                             1753                          46                            6                             60                            0                             112                           6041                          
Coweta                        78788                         18778                         1892                          21851                         12                            42533                         7282                          883                           8411                          7                             16583                         1257                          117                           858                           3                             2235                          61351                         
Crawford                      6525                          1615                          153                           1864                          3                             3635                          598                           95                            726                           2                             1421                          54                            4                             48                            0                             106                           5162                          
Crisp                         10228                         1354                          205                           2981                          9                             4549                          1017                          134                           1684                          2                             2837                          52                            10                            64                            0                             126                           7512                          
Dade                          8588                          2547                          115                           2385                          4                             5051                          434                           54                            477                           0                             965                           145                           7                             74                            0                             226                           6242                          
Dawson                        14591                         2423                          422                           7039                          16                            9900                          379                           107                           958                           4                             1448                          157                           14                            185                           0                             356                           11704                         
Decatur                       13821                         2242                          284                           3483                          11                            6020                          1798                          240                           2066                          20                            4124                          64                            8                             53                            1                             126                           10270                         
DeKalb                        419871                        22867                         3886                          24669                         46                            51468                         90473                         11786                         148684                        427                           251370                        5335                          438                           3875                          18                            9666                          312504                        
Dodge                         11169                         2732                          235                           2054                          0                             5021                          940                           97                            800                           2                             1839                          74                            9                             55                            0                             138                           6998                          
Dooly                         5295                          815                           68                            1059                          9                             1951                          1026                          109                           728                           9                             1872                          19                            4                             12                            1                             36                            3859                          
Dougherty                     49074                         5917                          514                           3796                          5                             10232                         11877                         1063                          10289                         82                            23311                         306                           31                            137                           1                             475                           34018                         
Douglas                       0                             7655                          1198                          15952                         12                            24817                         10769                         1148                          19059                         29                            31005                         737                           63                            794                           0                             1594                          57416                         
Early                         6471                          1093                          140                           1319                          0                             2552                          1087                          213                           867                           1                             2168                          34                            7                             24                            0                             65                            4785                          
Echols                        1579                          395                           38                            574                           0                             1007                          62                            2                             92                            0                             156                           6                             1                             6                             0                             13                            1176                          
Effingham                     30029                         8084                          432                           9351                          7                             17874                         2360                          213                           2279                          1                             4853                          399                           24                            256                           0                             679                           23406                         
Elbert                        10200                         1979                          272                           3018                          23                            5292                          892                           194                           1421                          32                            2539                          62                            13                            61                            3                             139                           7970                          
Emanuel                       10534                         2776                          217                           2337                          5                             5335                          1326                          114                           993                           2                             2435                          40                            4                             31                            0                             75                            7845                          
Evans                         4684                          675                           122                           1607                          0                             2404                          410                           60                            660                           0                             1130                          26                            3                             39                            0                             68                            3602                          
Fannin                        14684                         4326                          621                           4676                          9                             9632                          634                           204                           1082                          3                             1923                          107                           20                            95                            0                             222                           11777                         
Fayette                       73831                         10790                         1625                          22626                         7                             35048                         6724                          1156                          15389                         15                            23284                         965                           134                           1004                          0                             2103                          60435                         
Floyd                         45654                         9959                          778                           13308                         69                            24114                         3551                          523                           5053                          32                            9159                          539                           54                            485                           6                             1084                          34357                         
Forsyth                       119848                        17334                         2579                          49914                         24                            69851                         6509                          1253                          15686                         14                            23462                         1528                          191                           2369                          3                             4091                          97404                         
Franklin                      13086                         3332                          316                           3406                          0                             7054                          633                           87                            523                           0                             1243                          110                           11                            56                            0                             177                           8474                          
Fulton                        590362                        40253                         7198                          70143                         189                           117783                        104280                        14136                         177683                        952                           297051                        7605                          783                           7332                          45                            15765                         430599                        
Gilmer                        15748                         4440                          515                           5511                          11                            10477                         691                           149                           1121                          4                             1965                          140                           12                            141                           0                             293                           12735                         
Glascock                      1733                          532                           59                            644                           0                             1235                          75                            15                            48                            0                             138                           10                            1                             6                             0                             17                            1390                          
Glynn                         44972                         8969                          811                           11702                         30                            21512                         4685                          747                           6309                          34                            11775                         469                           41                            313                           2                             825                           34112                         
Gordon                        24934                         7142                          424                           7608                          17                            15191                         1432                          157                           1587                          5                             3181                          286                           19                            199                           3                             507                           18879                         
Grady                         12061                         2588                          180                           3279                          6                             6053                          1199                          107                           1699                          8                             3013                          83                            8                             44                            0                             135                           9201                          
Greene                        10895                         1435                          260                           3793                          2                             5490                          1171                          391                           1633                          4                             3199                          52                            10                            88                            1                             151                           8840                          
Gwinnett                      430935                        71967                         10197                         64325                         500                           146989                        77090                         7498                          80576                         989                           166153                        7904                          730                           3780                          80                            12494                         325636                        
Habersham                     20380                         2545                          744                           9898                          3                             13190                         592                           203                           1688                          0                             2483                          183                           28                            250                           0                             461                           16134                         
Hall                          90807                         23488                         2422                          25781                         42                            51733                         7161                          1081                          7920                          18                            16180                         1380                          124                           798                           5                             2307                          70220                         
Hancock                       5407                          390                           43                            408                           2                             843                           1361                          303                           1031                          6                             2701                          21                            2                             13                            0                             36                            3580                          
Haralson                      14488                         4743                          331                           4505                          6                             9585                          715                           109                           650                           1                             1475                          151                           12                            101                           0                             264                           11324                         
Harris                        20235                         5029                          457                           6449                          1                             11936                         1733                          225                           2128                          0                             4086                          200                           23                            156                           0                             379                           16401                         
Hart                          12862                         3047                          297                           3941                          1                             7286                          1019                          182                           1384                          0                             2585                          106                           10                            93                            0                             209                           10080                         
Heard                         5555                          1818                          196                           1355                          1                             3370                          351                           70                            321                           1                             743                           60                            6                             27                            0                             93                            4206                          
Henry                         125837                        11669                         1771                          32218                         66                            45724                         13630                         1645                          34664                         118                           50057                         1026                          106                           1364                          9                             2505                          98286                         
Houston                       79199                         10481                         1478                          23416                         55                            35430                         7537                          1085                          13860                         71                            22553                         791                           99                            861                           10                            1761                          59744                         
Irwin                         4963                          1290                          76                            1345                          5                             2716                          397                           40                            454                           0                             891                           26                            3                             29                            0                             58                            3665                          
Jackson                       33719                         7758                          620                           13376                         30                            21784                         1661                          152                           2656                          22                            4491                          402                           27                            405                           0                             834                           27109                         
Jasper                        7671                          1678                          210                           2465                          7                             4360                          554                           162                           828                           0                             1544                          59                            8                             52                            0                             119                           6023                          
Jeff Davis                    6784                          1804                          165                           2133                          2                             4104                          478                           37                            386                           0                             901                           48                            5                             33                            0                             86                            5091                          
Jefferson                     9256                          1482                          155                           1422                          4                             3063                          2001                          345                           1465                          10                            3821                          40                            5                             24                            1                             70                            6954                          
Jenkins                       4258                          728                           95                            1069                          3                             1895                          529                           78                            501                           15                            1123                          12                            2                             20                            0                             34                            3052                          
Johnson                       4702                          969                           141                           1409                          0                             2519                          472                           150                           514                           0                             1136                          19                            2                             6                             0                             27                            3682                          
Jones                         15398                         3063                          391                           4850                          1                             8305                          1416                          325                           2220                          0                             3961                          116                           16                            128                           0                             260                           12526                         
Lamar                         9786                          2013                          214                           2956                          7                             5190                          852                           146                           1269                          3                             2270                          66                            5                             54                            1                             126                           7586                          
Lanier                        4104                          785                           45                            1154                          0                             1984                          332                           24                            449                           1                             806                           40                            3                             29                            1                             73                            2863                          
Laurens                       25051                         6409                          641                           5359                          2                             12411                         3273                          469                           3009                          1                             6752                          171                           26                            116                           0                             313                           19476                         
Lee                           17841                         4925                          311                           5408                          2                             10646                         1491                          158                           1518                          3                             3170                          161                           20                            118                           0                             299                           14115                         
Liberty                       24858                         2760                          259                           3106                          9                             6134                          3358                          340                           5833                          25                            9556                          244                           11                            171                           1                             427                           16117                         
Lincoln                       5949                          1083                          142                           1534                          0                             2759                          479                           237                           556                           1                             1273                          33                            4                             33                            0                             70                            4102                          
Long                          6052                          1337                          41                            1245                          3                             2626                          637                           53                            666                           4                             1360                          74                            2                             54                            1                             131                           4117                          
Lowndes                       53910                         6629                          794                           14006                         206                           21635                         4423                          700                           9644                          297                           15064                         379                           53                            479                           18                            929                           37628                         
Lumpkin                       15618                         2163                          395                           7056                          5                             9619                          502                           132                           1584                          2                             2220                          185                           18                            292                           0                             495                           12334                         
Macon                         6012                          493                           68                            979                           0                             1540                          1295                          177                           1233                          0                             2705                          24                            4                             14                            0                             42                            4287                          
Madison                       15118                         4018                          371                           4806                          6                             9201                          1054                          127                           1244                          0                             2425                          187                           17                            123                           1                             328                           11954                         
Marion                        4224                          1089                          75                            757                           0                             1921                          496                           188                           529                           0                             1213                          22                            3                             24                            0                             49                            3183                          
McDuffie                      11967                         1886                          273                           3273                          0                             5432                          1411                          290                           1998                          0                             3699                          55                            13                            69                            0                             137                           9268                          
McIntosh                      9126                          1254                          375                           1853                          5                             3487                          956                           228                           1114                          5                             2303                          57                            12                            44                            0                             113                           5903                          
Meriwether                    12166                         2967                          200                           2052                          3                             5222                          2275                          199                           1327                          3                             3804                          104                           8                             53                            0                             165                           9191                          
Miller                        3461                          768                           105                           1015                          3                             1891                          359                           47                            216                           1                             623                           19                            3                             8                             0                             30                            2544                          
Mitchell                      10761                         2038                          193                           2041                          7                             4279                          1461                          378                           1653                          1                             3493                          53                            7                             33                            0                             93                            7865                          
Monroe                        16098                         4103                          303                           4417                          9                             8832                          1419                          249                           1902                          1                             3571                          171                           11                            102                           0                             284                           12687                         
Montgomery                    4681                          1592                          83                            995                           0                             2670                          520                           43                            284                           0                             847                           27                            2                             16                            0                             45                            3562                          
Morgan                        11471                         2449                          220                           3888                          2                             6559                          958                           161                           1541                          3                             2663                          104                           11                            103                           0                             218                           9440                          
Murray                        16466                         5212                          258                           4871                          0                             10341                         938                           96                            766                           0                             1800                          180                           16                            87                            0                             283                           12424                         
Muscogee                      100700                        13014                         1639                          12299                         24                            26976                         16828                         2174                          20755                         94                            39851                         1057                          109                           661                           4                             1831                          68658                         
Newton                        58302                         10445                         981                           9485                          2                             20913                         8927                          980                           12035                         1                             21943                         590                           45                            311                           1                             947                           43803                         
Oconee                        24058                         5105                          535                           7780                          5                             13425                         1904                          326                           3349                          2                             5581                          480                           32                            412                           1                             925                           19931                         
Oglethorpe                    8087                          1521                          280                           2823                          1                             4625                          707                           81                            1042                          1                             1831                          103                           11                            85                            0                             199                           6655                          
Paulding                      82336                         12163                         2136                          30350                         13                            44662                         5688                          889                           11437                         11                            18025                         890                           88                            974                           2                             1954                          64641                         
Peach                         14630                         1481                          169                           3755                          8                             5413                          1669                          186                           3228                          17                            5100                          98                            8                             105                           0                             211                           10724                         
Pickens                       17319                         4425                          203                           7022                          1                             11651                         670                           70                            1237                          2                             1979                          185                           10                            159                           0                             354                           13984                         
Pierce                        9283                          1732                          277                           4292                          1                             6302                          270                           65                            568                           0                             903                           37                            8                             48                            0                             93                            7298                          
Pike                          10620                         2649                          280                           4344                          5                             7278                          471                           77                            691                           1                             1240                          84                            10                            69                            0                             163                           8681                          
Polk                          20268                         3373                          345                           7291                          5                             11014                         964                           113                           1788                          2                             2867                          137                           18                            134                           0                             289                           14170                         
Pulaski                       4720                          535                           106                           1795                          1                             2437                          342                           96                            666                           0                             1104                          15                            3                             40                            0                             58                            3599                          
Putnam                        13964                         2306                          358                           3876                          4                             6544                          1077                          244                           1435                          2                             2758                          91                            10                            69                            0                             170                           9472                          
Quitman                       1431                          235                           36                            304                           0                             575                           246                           18                            197                           0                             461                           3                             0                             5                             0                             8                             1044                          
Rabun                         9884                          1097                          657                           4533                          0                             6287                          221                           216                           1007                          0                             1444                          64                            23                            132                           0                             219                           7950                          
Randolph                      3914                          655                           34                            581                           1                             1271                          760                           152                           685                           1                             1598                          17                            3                             8                             0                             28                            2897                          
Richmond                      105642                        12183                         1556                          10707                         15                            24461                         21676                         2804                          24246                         88                            48814                         1099                          105                           603                           4                             1811                          75086                         
Rockdale                      50003                         3724                          615                           9132                          7                             13478                         6190                          780                           16260                         25                            23255                         396                           41                            485                           1                             923                           37656                         
Schley                        2364                          422                           49                            1001                          0                             1472                          146                           35                            220                           0                             401                           20                            3                             13                            0                             36                            1909                          
Screven                       7512                          1473                          88                            1744                          0                             3305                          1245                          87                            968                           0                             2300                          41                            7                             46                            0                             94                            5699                          
Seminole                      4905                          1267                          114                           962                           2                             2345                          682                           54                            450                           3                             1189                          35                            3                             10                            0                             48                            3582                          
Spalding                      34832                         5461                          614                           9562                          9                             15646                         3756                          417                           5176                          8                             9357                          301                           27                            269                           0                             597                           25600                         
Stephens                      13132                         1470                          465                           5748                          3                             7686                          447                           151                           1239                          0                             1837                          86                            14                            143                           0                             243                           9766                          
Stewart                       2917                          343                           127                           332                           3                             805                           587                           221                           412                           2                             1222                          9                             7                             12                            0                             28                            2055                          
Sumter                        15181                         2348                          265                           2662                          1                             5276                          2127                          450                           2943                          0                             5520                          96                            10                            72                            0                             178                           10974                         
Talbot                        4138                          746                           100                           350                           0                             1196                          1089                          448                           465                           0                             2002                          25                            11                            10                            0                             46                            3244                          
Taliaferro                    1157                          166                           18                            165                           0                             349                           220                           89                            235                           1                             545                           0                             0                             3                             0                             3                             897                           
Tattnall                      9299                          1946                          423                           2724                          3                             5096                          678                           126                           874                           3                             1681                          46                            16                            47                            0                             109                           6886                          
Taylor                        4372                          677                           119                           1268                          0                             2064                          655                           176                           465                           0                             1296                          18                            4                             23                            0                             45                            3405                          
Telfair                       5029                          1303                          109                           1037                          1                             2450                          657                           225                           431                           0                             1313                          20                            3                             9                             0                             32                            3795                          
Terrell                       5871                          870                           96                            906                           2                             1874                          1093                          164                           1010                          0                             2267                          28                            2                             10                            0                             40                            4181                          
Thomas                        24693                         4302                          428                           6495                          3                             11228                         2823                          406                           3912                          1                             7142                          167                           23                            177                           1                             368                           18738                         
Tift                          19040                         3634                          344                           5597                          9                             9584                          1735                          198                           2408                          6                             4347                          131                           11                            102                           0                             244                           14175                         
Toombs                        15146                         2540                          342                           3731                          2                             6615                          1071                          256                           1011                          0                             2338                          87                            17                            54                            0                             158                           9111                          
Towns                         8608                          1448                          309                           3620                          6                             5383                          307                           91                            808                           4                             1210                          58                            10                            76                            2                             146                           6739                          
Treutlen                      3773                          611                           107                           1090                          1                             1809                          296                           59                            505                           2                             862                           16                            2                             14                            0                             32                            2703                          
Troup                         35513                         6782                          692                           8169                          107                           15750                         4768                          534                           4295                          116                           9713                          305                           33                            215                           8                             561                           26024                         
Turner                        4552                          609                           55                            1430                          1                             2095                          569                           30                            644                           3                             1246                          17                            2                             34                            0                             53                            3394                          
Twiggs                        5291                          1154                          87                            793                           1                             2035                          960                           240                           771                           0                             1971                          32                            4                             14                            0                             50                            4056                          
Union                         14370                         3341                          449                           6059                          3                             9852                          537                           172                           1253                          1                             1963                          98                            14                            116                           1                             229                           12044                         
Upson                         14058                         1719                          308                           5261                          4                             7292                          1246                          147                           2079                          3                             3475                          71                            10                            86                            0                             167                           10934                         
Walker                        32951                         7302                          681                           10960                         7                             18950                         1651                          274                           2288                          2                             4215                          409                           36                            343                           3                             791                           23956                         
Walton                        51318                         15918                         1228                          13955                         24                            31125                         4122                          447                           3712                          11                            8292                          644                           62                            347                           2                             1055                          40472                         
Ware                          16254                         3671                          358                           4479                          5                             8513                          1047                          219                           2170                          4                             3440                          110                           13                            83                            0                             206                           12159                         
Warren                        3105                          303                           75                            613                           0                             991                           654                           62                            597                           1                             1314                          10                            2                             16                            0                             28                            2333                          
Washington                    11002                         1779                          256                           2103                          11                            4149                          1824                          444                           1919                          13                            4200                          43                            12                            42                            1                             98                            8447                          
Wayne                         13496                         3408                          310                           4429                          6                             8153                          809                           85                            1145                          2                             2041                          107                           8                             75                            2                             192                           10386                         
Webster                       1433                          241                           66                            323                           0                             630                           241                           61                            169                           2                             473                           6                             0                             7                             0                             13                            1116                          
Wheeler                       2705                          669                           94                            655                           3                             1421                          295                           68                            283                           0                             646                           12                            3                             19                            1                             35                            2102                          
White                         14669                         4042                          482                           5227                          10                            9761                          588                           120                           964                           2                             1674                          191                           14                            143                           0                             348                           11783                         
Whitfield                     39588                         11057                         751                           9708                          21                            21537                         4220                          385                           3321                          11                            7937                          602                           40                            281                           1                             924                           30398                         
Wilcox                        3934                          993                           164                           939                           0                             2096                          573                           46                            233                           0                             852                           15                            3                             7                             0                             25                            2973                          
Wilkes                        5826                          1161                          88                            1320                          3                             2572                          961                           95                            788                           4                             1848                          34                            1                             22                            0                             57                            4477                          
Wilkinson                     5481                          1490                          81                            761                           1                             2333                          1005                          124                           763                           2                             1894                          35                            3                             13                            0                             51                            4278                          
Worth                         10724                         3401                          166                           2578                          7                             6152                          1001                          99                            916                           4                             2020                          54                            11                            42                            1                             108                           8280                          
Totals:                       5368410                       863089                        102766                        1120743                       2506                          2089104                       753766                        98417                         1020966                       4814                          1877963                       69198                         6533                          49249                         326                           125306                        4092373                       
